###################################################################################################################################################################################################
Deterministic Annual Summary:
     Year  Credit Req. BRL  Avg Mo. Installment USD  Avg STR Daily Rate USD  Avg Mo. Gross Revenue USD  Avg Airbnb Admin Fee USD  Avg STR Mo. Profit USD  Avg Mo. Cash Flow USD  Annual Flow USD
0      1          1020000                      877                       0                          0                         0                       0                   -877            -6139
1      2          1020000                      908                       0                          0                         0                       0                   -908           -10902
2      3          1084260                      965                       0                          0                         0                       0                   -965           -11585
3      4          1152568                     1028                       3                         41                        10                      31                   -997           -11967
4      5           898465                     1007                      37                       1168                       292                     876                   -131            -1570
5      6           955069                     1067                      39                       1288                       322                     966                   -101            -1211
6      7           876797                     1153                      42                       1980                       495                    1485                    332             3981
7      8           932035                     1215                      45                       2105                       526                    1579                    363             4359
8      9           990753                     1282                      48                       2237                       559                    1678                    397             4759
9     10          1053170                     1352                      51                       2378                       594                    1784                    432             5185
10    11          1119520                     1426                      54                       2528                       632                    1896                    470             5638
11    12          1190050                     1505                      57                       2687                       672                    2015                    510             6119
12    13          1265023                     1590                      60                       2857                       714                    2142                    553             6632
13    14          1344719                     1680                      64                       3037                       759                    2277                    598             7175
14    15          1429437                     1775                      68                       3228                       807                    2421                    646             7753
15    16          1519491                     1816                      70                       3342                       835                    2506                    691             3457
###################################################################################################################################################################################################
Deterministic Monthly Summary:
           Date  Year  Credit Req. BRL Embed At Cont %  Credit Granted BRL  Mo. Installment USD  STR Daily Rate USD  Mo. Gross Revenue USD  Airbnb Admin Fee USD  STR Mo. Profit USD  Mo. Cash Flow USD
0   2025-06-01     1          1020000               0                   0                  877                   0                      0                     0                   0               -877
1   2025-07-01     1          1020000               0                   0                  877                   0                      0                     0                   0               -877
2   2025-08-01     1          1020000               0                   0                  877                   0                      0                     0                   0               -877
3   2025-09-01     1          1020000               0                   0                  877                   0                      0                     0                   0               -877
4   2025-10-01     1          1020000               0                   0                  877                   0                      0                     0                   0               -877
5   2025-11-01     1          1020000               0                   0                  877                   0                      0                     0                   0               -877
6   2025-12-01     1          1020000               0                   0                  877                   0                      0                     0                   0               -877
7   2026-01-01     2          1020000               0                   0                  877                   0                      0                     0                   0               -877
8   2026-02-01     2          1020000               0                   0                  877                   0                      0                     0                   0               -877
9   2026-03-01     2          1020000               0                   0                  877                   0                      0                     0                   0               -877
10  2026-04-01     2          1020000               0                   0                  877                   0                      0                     0                   0               -877
11  2026-05-01     2          1020000               0                   0                  877                   0                      0                     0                   0               -877
12  2026-06-01     2          1084260               0                   0                  931                   0                      0                     0                   0               -931
13  2026-07-01     2          1084260               0                   0                  931                   0                      0                     0                   0               -931
14  2026-08-01     2          1084260               0                   0                  931                   0                      0                     0                   0               -931
15  2026-09-01     2          1084260               0                   0                  931                   0                      0                     0                   0               -931
16  2026-10-01     2          1084260               0                   0                  931                   0                      0                     0                   0               -931
17  2026-11-01     2          1084260               0                   0                  931                   0                      0                     0                   0               -931
18  2026-12-01     2          1084260               0                   0                  931                   0                      0                     0                   0               -931
19  2027-01-01     3          1084260               0                   0                  931                   0                      0                     0                   0               -931
20  2027-02-01     3          1084260               0                   0                  931                   0                      0                     0                   0               -931
21  2027-03-01     3          1084260               0                   0                  931                   0                      0                     0                   0               -931
22  2027-04-01     3          1084260               0                   0                  931                   0                      0                     0                   0               -931
23  2027-05-01     3          1084260               0                   0                  931                   0                      0                     0                   0               -931
24  2027-06-01     3          1152568               0                   0                  990                   0                      0                     0                   0               -990
25  2027-07-01     3          1152568               0                   0                  990                   0                      0                     0                   0               -990
26  2027-08-01     3          1152568               0                   0                  990                   0                      0                     0                   0               -990
27  2027-09-01     3          1152568               0                   0                  990                   0                      0                     0                   0               -990
28  2027-10-01     3          1152568               0                   0                  990                   0                      0                     0                   0               -990
29  2027-11-01     3          1152568               0                   0                  990                   0                      0                     0                   0               -990
30  2027-12-01     3          1152568               0                   0                  990                   0                      0                     0                   0               -990
31  2028-01-01     4          1152568               0                   0                  990                   0                      0                     0                   0               -990
32  2028-02-01     4          1152568               0                   0                  990                   0                      0                     0                   0               -990
33  2028-03-01     4          1152568               0                   0                  990                   0                      0                     0                   0               -990
34  2028-04-01     4          1152568               0                   0                  990                   0                      0                     0                   0               -990
35  2028-05-01     4          1152568               0                   0                  990                   0                      0                     0                   0               -990
36  2028-06-01     4          1225180               0                   0                 1052                   0                      0                     0                   0              -1052
37  2028-07-01     4          1225180               0                   0                 1052                   0                      0                     0                   0              -1052
38  2028-08-01     4          1225180               0                   0                 1052                   0                      0                     0                   0              -1052
39  2028-09-01     4          1225180               0                   0                 1052                   0                      0                     0                   0              -1052
40  2028-10-01     4          1225180               0                   0                 1052                   0                      0                     0                   0              -1052
41  2028-11-01     4          1225180               0                   0                 1052                   0                      0                     0                   0              -1052
42  2028-12-01     4          1102662             30%              285875                 1074                  36                    492                   123                 369               -705
43  2029-01-01     5           898465             50%              490072                  975                  36                   1006                   251                 754               -220
44  2029-02-01     5           898465               0              490072                  975                  36                   1062                   265                 796               -178
45  2029-03-01     5           898465               0              490072                  975                  36                   1151                   288                 863               -111
46  2029-04-01     5           898465               0              490072                  975                  36                   1207                   302                 905                -69
47  2029-05-01     5           898465               0              490072                  975                  36                   1263                   316                 947                -27
48  2029-06-01     5           955069               0              490072                 1030                  38                   1331                   333                 998                -32
49  2029-07-01     5           955069               0              490072                 1030                  38                   1307                   327                 980                -50
50  2029-08-01     5           955069               0              490072                 1030                  38                   1283                   321                 962                -68
51  2029-09-01     5           955069               0              490072                 1030                  38                   1248                   312                 936                -95
52  2029-10-01     5           955069               0              490072                 1030                  38                   1105                   276                 829               -201
53  2029-11-01     5           955069               0              490072                 1030                  38                   1010                   252                 757               -273
54  2029-12-01     5           955069               0              490072                 1030                  38                   1046                   261                 784               -246
55  2030-01-01     6           955069               0              490072                 1030                  38                   1069                   267                 802               -228
56  2030-02-01     6           955069               0              490072                 1030                  38                   1129                   282                 847               -184
57  2030-03-01     6           955069               0              490072                 1030                  38                   1224                   306                 918               -112
58  2030-04-01     6           955069               0              490072                 1030                  38                   1283                   321                 962                -68
59  2030-05-01     6           955069               0              490072                 1030                  38                   1343                   336                1007                -23
60  2030-06-01     6          1015238               0              490072                 1089                  40                   1415                   354                1061                -28
61  2030-07-01     6          1015238               0              490072                 1089                  40                   1389                   347                1042                -47
62  2030-08-01     6          1015238               0              490072                 1089                  40                   1364                   341                1023                -66
63  2030-09-01     6          1015238               0              490072                 1089                  40                   1326                   332                 995                -95
64  2030-10-01     6          1015238               0              490072                 1089                  40                   1175                   294                 881               -208
65  2030-11-01     6          1015238               0              490072                 1089                  40                   1074                   268                 805               -284
66  2030-12-01     6           876797             30%              813102                 1118                  40                   1667                   417                1250                132
67  2031-01-01     7           876797               0              813102                 1118                  40                   1705                   426                1279                161
68  2031-02-01     7           876797               0              813102                 1118                  40                   1800                   450                1350                232
69  2031-03-01     7           876797               0              813102                 1118                  40                   1951                   488                1463                345
70  2031-04-01     7           876797               0              813102                 1118                  40                   2046                   512                1535                416
71  2031-05-01     7           876797               0              813102                 1118                  40                   2141                   535                1606                487
72  2031-06-01     7           932035               0              813102                 1178                  43                   2255                   564                1692                513
73  2031-07-01     7           932035               0              813102                 1178                  43                   2215                   554                1661                483
74  2031-08-01     7           932035               0              813102                 1178                  43                   2175                   544                1631                453
75  2031-09-01     7           932035               0              813102                 1178                  43                   2115                   529                1586                408
76  2031-10-01     7           932035               0              813102                 1178                  43                   1873                   468                1405                226
77  2031-11-01     7           932035               0              813102                 1178                  43                   1712                   428                1284                106
78  2031-12-01     7           932035               0              813102                 1178                  43                   1772                   443                1329                151
79  2032-01-01     8           932035               0              813102                 1178                  43                   1812                   453                1359                181
80  2032-02-01     8           932035               0              813102                 1178                  43                   1913                   478                1435                257
81  2032-03-01     8           932035               0              813102                 1178                  43                   2074                   519                1556                378
82  2032-04-01     8           932035               0              813102                 1178                  43                   2175                   544                1631                453
83  2032-05-01     8           932035               0              813102                 1178                  43                   2276                   569                1707                529
84  2032-06-01     8           990753               0              813102                 1242                  46                   2398                   599                1798                556
85  2032-07-01     8           990753               0              813102                 1242                  46                   2355                   589                1766                524
86  2032-08-01     8           990753               0              813102                 1242                  46                   2312                   578                1734                492
87  2032-09-01     8           990753               0              813102                 1242                  46                   2248                   562                1686                444
88  2032-10-01     8           990753               0              813102                 1242                  46                   1991                   498                1493                251
89  2032-11-01     8           990753               0              813102                 1242                  46                   1820                   455                1365                123
90  2032-12-01     8           990753               0              813102                 1242                  46                   1884                   471                1413                171
91  2033-01-01     9           990753               0              813102                 1242                  46                   1927                   482                1445                203
92  2033-02-01     9           990753               0              813102                 1242                  46                   2034                   508                1525                283
93  2033-03-01     9           990753               0              813102                 1242                  46                   2205                   551                1654                412
94  2033-04-01     9           990753               0              813102                 1242                  46                   2312                   578                1734                492
95  2033-05-01     9           990753               0              813102                 1242                  46                   2419                   605                1814                572
96  2033-06-01     9          1053170               0              813102                 1310                  49                   2549                   637                1911                602
97  2033-07-01     9          1053170               0              813102                 1310                  49                   2503                   626                1877                568
98  2033-08-01     9          1053170               0              813102                 1310                  49                   2458                   614                1843                534
99  2033-09-01     9          1053170               0              813102                 1310                  49                   2389                   597                1792                482
100 2033-10-01     9          1053170               0              813102                 1310                  49                   2116                   529                1587                278
101 2033-11-01     9          1053170               0              813102                 1310                  49                   1934                   484                1451                141
102 2033-12-01     9          1053170               0              813102                 1310                  49                   2002                   501                1502                192
103 2034-01-01    10          1053170               0              813102                 1310                  49                   2048                   512                1536                226
104 2034-02-01    10          1053170               0              813102                 1310                  49                   2162                   540                1621                312
105 2034-03-01    10          1053170               0              813102                 1310                  49                   2344                   586                1758                448
106 2034-04-01    10          1053170               0              813102                 1310                  49                   2458                   614                1843                534
107 2034-05-01    10          1053170               0              813102                 1310                  49                   2571                   643                1929                619
108 2034-06-01    10          1119520               0              813102                 1382                  52                   2709                   677                2032                650
109 2034-07-01    10          1119520               0              813102                 1382                  52                   2661                   665                1996                614
110 2034-08-01    10          1119520               0              813102                 1382                  52                   2612                   653                1959                578
111 2034-09-01    10          1119520               0              813102                 1382                  52                   2540                   635                1905                523
112 2034-10-01    10          1119520               0              813102                 1382                  52                   2250                   562                1687                306
113 2034-11-01    10          1119520               0              813102                 1382                  52                   2056                   514                1542                160
114 2034-12-01    10          1119520               0              813102                 1382                  52                   2129                   532                1596                215
115 2035-01-01    11          1119520               0              813102                 1382                  52                   2177                   544                1633                251
116 2035-02-01    11          1119520               0              813102                 1382                  52                   2298                   574                1723                342
117 2035-03-01    11          1119520               0              813102                 1382                  52                   2491                   623                1869                487
118 2035-04-01    11          1119520               0              813102                 1382                  52                   2612                   653                1959                578
119 2035-05-01    11          1119520               0              813102                 1382                  52                   2733                   683                2050                668
120 2035-06-01    11          1190050               0              813102                 1458                  55                   2880                   720                2160                702
121 2035-07-01    11          1190050               0              813102                 1458                  55                   2828                   707                2121                663
122 2035-08-01    11          1190050               0              813102                 1458                  55                   2777                   694                2083                625
123 2035-09-01    11          1190050               0              813102                 1458                  55                   2700                   675                2025                567
124 2035-10-01    11          1190050               0              813102                 1458                  55                   2391                   598                1793                335
125 2035-11-01    11          1190050               0              813102                 1458                  55                   2186                   546                1639                181
126 2035-12-01    11          1190050               0              813102                 1458                  55                   2263                   566                1697                239
127 2036-01-01    12          1190050               0              813102                 1458                  55                   2314                   579                1736                278
128 2036-02-01    12          1190050               0              813102                 1458                  55                   2443                   611                1832                374
129 2036-03-01    12          1190050               0              813102                 1458                  55                   2648                   662                1986                528
130 2036-04-01    12          1190050               0              813102                 1458                  55                   2777                   694                2083                625
131 2036-05-01    12          1190050               0              813102                 1458                  55                   2906                   726                2179                721
132 2036-06-01    12          1265023               0              813102                 1539                  58                   3061                   765                2296                756
133 2036-07-01    12          1265023               0              813102                 1539                  58                   3007                   752                2255                715
134 2036-08-01    12          1265023               0              813102                 1539                  58                   2952                   738                2214                674
135 2036-09-01    12          1265023               0              813102                 1539                  58                   2870                   717                2152                613
136 2036-10-01    12          1265023               0              813102                 1539                  58                   2542                   635                1906                367
137 2036-11-01    12          1265023               0              813102                 1539                  58                   2323                   581                1742                203
138 2036-12-01    12          1265023               0              813102                 1539                  58                   2405                   601                1804                265
139 2037-01-01    13          1265023               0              813102                 1539                  58                   2460                   615                1845                306
140 2037-02-01    13          1265023               0              813102                 1539                  58                   2597                   649                1947                408
141 2037-03-01    13          1265023               0              813102                 1539                  58                   2815                   704                2111                572
142 2037-04-01    13          1265023               0              813102                 1539                  58                   2952                   738                2214                674
143 2037-05-01    13          1265023               0              813102                 1539                  58                   3089                   772                2316                777
144 2037-06-01    13          1344719               0              813102                 1626                  62                   3254                   814                2441                815
145 2037-07-01    13          1344719               0              813102                 1626                  62                   3196                   799                2397                771
146 2037-08-01    13          1344719               0              813102                 1626                  62                   3138                   784                2353                728
147 2037-09-01    13          1344719               0              813102                 1626                  62                   3051                   763                2288                662
148 2037-10-01    13          1344719               0              813102                 1626                  62                   2702                   676                2027                401
149 2037-11-01    13          1344719               0              813102                 1626                  62                   2470                   617                1852                226
150 2037-12-01    13          1344719               0              813102                 1626                  62                   2557                   639                1918                292
151 2038-01-01    14          1344719               0              813102                 1626                  62                   2615                   654                1961                335
152 2038-02-01    14          1344719               0              813102                 1626                  62                   2760                   690                2070                444
153 2038-03-01    14          1344719               0              813102                 1626                  62                   2993                   748                2244                619
154 2038-04-01    14          1344719               0              813102                 1626                  62                   3138                   784                2353                728
155 2038-05-01    14          1344719               0              813102                 1626                  62                   3283                   821                2462                836
156 2038-06-01    14          1429437               0              813102                 1718                  66                   3459                   865                2594                877
157 2038-07-01    14          1429437               0              813102                 1718                  66                   3397                   849                2548                830
158 2038-08-01    14          1429437               0              813102                 1718                  66                   3336                   834                2502                784
159 2038-09-01    14          1429437               0              813102                 1718                  66                   3243                   811                2432                714
160 2038-10-01    14          1429437               0              813102                 1718                  66                   2872                   718                2154                436
161 2038-11-01    14          1429437               0              813102                 1718                  66                   2625                   656                1969                251
162 2038-12-01    14          1429437               0              813102                 1718                  66                   2718                   679                2038                321
163 2039-01-01    15          1429437               0              813102                 1718                  66                   2780                   695                2085                367
164 2039-02-01    15          1429437               0              813102                 1718                  66                   2934                   734                2201                483
165 2039-03-01    15          1429437               0              813102                 1718                  66                   3181                   795                2386                668
166 2039-04-01    15          1429437               0              813102                 1718                  66                   3336                   834                2502                784
167 2039-05-01    15          1429437               0              813102                 1718                  66                   3490                   873                2618                900
168 2039-06-01    15          1519491               0              813102                 1816                  70                   3677                   919                2758                942
169 2039-07-01    15          1519491               0              813102                 1816                  70                   3611                   903                2709                893
170 2039-08-01    15          1519491               0              813102                 1816                  70                   3546                   886                2659                844
171 2039-09-01    15          1519491               0              813102                 1816                  70                   3447                   862                2585                770
172 2039-10-01    15          1519491               0              813102                 1816                  70                   3053                   763                2290                474
173 2039-11-01    15          1519491               0              813102                 1816                  70                   2791                   698                2093                277
174 2039-12-01    15          1519491               0              813102                 1816                  70                   2889                   722                2167                351
175 2040-01-01    16          1519491               0              813102                 1816                  70                   2955                   739                2216                401
176 2040-02-01    16          1519491               0              813102                 1816                  70                   3119                   780                2339                524
177 2040-03-01    16          1519491               0              813102                 1816                  70                   3382                   845                2536                721
178 2040-04-01    16          1519491               0              813102                 1816                  70                   3546                   886                2659                844
179 2040-05-01    16          1519491               0              813102                 1816                  70                   3710                   927                2782                967
###################################################################################################################################################################################################
Monte Carlo Percentiles of Annual Flow USD by Year (1,000 runs):
          P5    P25   P50    P75    P95
Year                                  
1     -6685  -6266 -6013  -5540  -3020
2    -11590 -10770 -8727  -5185   -336
3    -11959  -9313 -5805  -2312   3580
4    -11990  -6919 -3368    682   7608
5     -9308  -4353  -489   3705  10290
6     -5830  -1145  2642   6514  12055
7     -2707   1971  5293   9058  14191
8     -2760   2209  5726   9734  15165
9     -2856   2422  6192  10391  16168
10    -2942   2700  6690  11099  17231
11    -3051   2973  7199  11878  18359
12    -3188   3262  7718  12685  19615
13    -3324   3539  8294  13535  20948
14    -3464   3871  8907  14452  22379
15    -3616   4245  9551  15426  23902
16    -1500   1859  4154   6760  10603
###################################################################################################################################################################################################
Monte Carlo Percentiles of Cumulative Credit Granted BRL by Year (1,000 runs):
           P5     P25     P50     P75     P95
Year                                        
1          0       0       0  170000  170000
2          0       0  170000  252994  422994
3          0  170000  252994  422994  603704
4          0  252994  384190  537866  707866
5     192095  396292  532095  647970  759761
6     409156  592994  669669  742063  843977
7     554871  637901  696531  759761  861960
8     554871  637901  696531  759761  861960
9     554871  637901  696531  759761  861960
10    554871  637901  696531  759761  861960
11    554871  637901  696531  759761  861960
12    554871  637901  696531  759761  861960
13    554871  637901  696531  759761  861960
14    554871  637901  696531  759761  861960
15    554871  637901  696531  759761  861960
16    554871  637901  696531  759761  861960
